{
    "MAP": 0.13573763214743403,
    "NDCG": 0.4554555982492063,
    "Precision": 0.40042417815482506,
    "Recall": 0.21348417009828158,
    "User Serendipity": 0.7212122208058842,
    "Coverage": 0.33717404487568226
}