{
    "MAP": 0.09266109401079152,
    "NDCG": 0.42329024268365295,
    "Precision": 0.3959459459459459,
    "Recall": 0.13855069363977604,
    "User Serendipity": 0.6365577169930396,
    "Coverage": 0.19059205190592052
}