{
    "MAP": 0.10972244824988181,
    "NDCG": 0.27956658225616504,
    "Precision": 0.21016949152542372,
    "Recall": 0.2133882968441792,
    "User Serendipity": 0.7279066460144094,
    "Coverage": 0.19101123595505617
}