{
    "MAP": 0.09923318545049116,
    "NDCG": 0.3346981388531298,
    "Precision": 0.2715789473684211,
    "Recall": 0.17059628342104388,
    "User Serendipity": 0.6721069444636192,
    "Coverage": 0.23121387283236994
}