{
    "MAP": 0.1701770584386307,
    "NDCG": 0.44046318734003775,
    "Precision": 0.4231446540880503,
    "Recall": 0.23006879374809083,
    "User Serendipity": 0.6244876357182925,
    "Coverage": 0.9229957805907173
}